
Elemento[1]: 12.630000
Elemento[2]: 15.630000
Elemento[3]: 15.369000