
Elemento[1]: 12.524000
Elemento[2]: 34.354599
Elemento[3]: 34.546001