
Elemento[1]: 12.324000
Elemento[2]: 321.339996